MLML01 29.476233 104.474617 471
MLML02 29.476400 104.475450 489
MLML03 29.476300 104.476017 492
MLML04 29.476517 104.476317 499
MLML05 29.476867 104.476783 482
MLML06 29.476883 104.477400 469
MLML07 29.477100 104.485067 487
MLML08 29.477317 104.477600 458
MLML09 29.477850 104.477683 456
MLML10 29.477767 104.478367 451
MLML11 29.477883 104.478867 455
MLML12 29.478000 104.479383 459
MLML13 29.478217 104.479883 471
MLML14 29.478383 104.481117 475
MLML15 29.478483 104.481717 469
MLML16 29.478200 104.482533 460
MLML17 29.478317 104.483083 461
MLML18 29.478283 104.483867 477
MLML19 29.477517 104.484083 476
MLML20 29.476300 104.485550 473
MLML21 29.476817 104.486250 478
MLML22 29.476717 104.487117 483
MLML26 29.475767 104.490983 460
MLML27 29.475667 104.492300 464
MLML28 29.475000 104.493117 465
MLML29 29.474133 104.493533 468
MLML31 29.473500 104.494850 459
MLML32 29.473917 104.495417 460
MLML33 29.474100 104.496117 458
MLML34 29.474183 104.496533 455
MLML35 29.474317 104.497050 457
MLML36 29.474100 104.497483 461
MLML37 29.473933 104.497783 450
MLML38 29.473817 104.498283 441
MLML39 29.474033 104.498783 420
MLML40 29.474200 104.499617 398
MLML41 29.474283 104.500500 373
MLML42 29.474800 104.501200 358
MLML43 29.474817 104.501850 353
MLML44 29.474983 104.502150 352
MLML45 29.475300 104.502717 355
MLML46 29.475350 104.502967 350
MLML47 29.475871 104.503436 353
MLML48 29.476311 104.503951 359
MLML49 29.476340 104.504440 365
MLML50 29.477050 104.505817 367
MLML51 29.477583 104.506200 371
MLML52 29.477467 104.507183 360
MLML53 29.477900 104.507617 370
MLML54 29.478283 104.508250 369
MLML55 29.478600 104.508500 370
MLML56 29.478800 104.509139 366
MLML57 29.478714 104.509670 376
MLML58 29.478745 104.510670 385
MLML59 29.478300 104.510850 397
MLML60 29.478267 104.511450 406
MLML61 29.477900 104.511833 412
MLML62 29.477767 104.512583 425
MLML63 29.477533 104.513400 409
MLML64 29.477867 104.514067 399
MLML65 29.477633 104.514583 389
MLML66 29.477717 104.515233 359
MLML67 29.477783 104.515917 358
MLML68 29.477817 104.517217 358
MLML69 29.477567 104.518317 361
MLML70 29.476433 104.518800 354
MLML71 29.476867 104.520150 350
MLML72 29.477250 104.520517 351
MLML73 29.477583 104.521150 357
MLML74 29.477783 104.521867 359
MLML75 29.477317 104.522733 369
MLML76 29.477933 104.523467 360
MLML77 29.477917 104.524100 375
MLML78 29.477633 104.524933 397
MLML79 29.477483 104.526317 375
MLML80 29.478117 104.527400 369
GSGS090 29.562950 104.866383 376
GSGS091 29.562367 104.865700 354
GSGS092 29.563583 104.865767 356
GSGS093 29.562817 104.867250 369
GSGS080 29.588683 104.805250 413
GSGS081 29.588983 104.805617 391
GSGS082 29.588367 104.805600 400
GSGS083 29.588333 104.804650 388
GSGS070 29.536533 104.792150 374
GSGS073 29.536233 104.791350 374
GSGS071 29.537317 104.792350 347
GSGS072 29.536700 104.792867 354
GSGS060 29.634033 104.640133 750
GSGS061 29.634083 104.640733 750
GSGS062 29.634367 104.639733 762
GSGS063 29.633400 104.639717 767
GSGS050 29.608550 104.518917 485
GSGS051 29.608233 104.518450 510
GSGS052 29.608367 104.519533 493
GSGS053 29.609217 104.518883 492
GSGS040 29.474783 104.393483 379
GSGS041 29.474850 104.394217 359
GSGS042 29.475167 104.393217 361
GSGS043 29.474317 104.393233 373
GSGS030 29.393356 104.533857 371
GSGS032 29.392775 104.534879 362
GSGS031 29.393730 104.533536 371
GSGS033 29.393087 104.533199 372
GSGS020 29.409383 104.462283 374
GSGS021 29.408967 104.462667 370
GSGS022 29.409733 104.462767 347
GSGS023 29.409517 104.461383 347
GSGS100 29.603383 104.849283 363
GSGS101 29.602950 104.848967 354
GSGS102 29.603250 104.849850 361
GSGS103 29.603733 104.848750 369
GSGS011 29.359667 104.426733 378
GSGS010 29.359583 104.425967 379
GSGS012 29.360283 104.425567 392
GSGS013 29.358817 104.425917 357
